int a;int b;add;subtract;multiply;divide;xor
-1617;-438;-2055;-1179;708246;4;#вхякн!
-1523;479;-1044;-2002;-729517;-3;#вхякн!
-1447;196;-1251;-1643;-283612;-7;#вхякн!
-1416;705;-711;-2121;-998280;-2;#вхякн!
-1351;-270;-1621;-1081;364770;5;#вхякн!
-1351;-128;-1479;-1223;172928;11;#вхякн!
-1332;191;-1141;-1523;-254412;-7;#вхякн!
-1329;-743;-2072;-586;987447;2;#вхякн!
-1326;16;-1310;-1342;-21216;-83;#вхякн!
-1300;376;-924;-1676;-488800;-3;#вхякн!
-1289;-265;-1554;-1024;341585;5;#вхякн!
-1275;-29;-1304;-1246;36975;44;#вхякн!
-1266;-707;-1973;-559;895062;2;#вхякн!
-1239;-565;-1804;-674;700035;2;#вхякн!
-1239;525;-714;-1764;-650475;-2;#вхякн!
-1239;551;-688;-1790;-682689;-2;#вхякн!
-1229;1162;-67;-2391;-1428098;-1;#вхякн!
-1221;67;-1154;-1288;-81807;-18;#вхякн!
-1205;-87;-1292;-1118;104835;14;#вхякн!
-1176;211;-965;-1387;-248136;-6;#вхякн!
-1132;-148;-1280;-984;167536;8;#вхякн!
-1123;-829;-1952;-294;930967;1;#вхякн!
-1113;-43;-1156;-1070;47859;26;#вхякн!
-1103;283;-820;-1386;-312149;-4;#вхякн!
-1087;-385;-1472;-702;418495;3;#вхякн!
-1083;579;-504;-1662;-627057;-2;#вхякн!
-1067;-73;-1140;-994;77891;15;#вхякн!
-1054;-97;-1151;-957;102238;11;#вхякн!
-1050;513;-537;-1563;-538650;-2;#вхякн!
-1047;154;-893;-1201;-161238;-7;#вхякн!
-1039;530;-509;-1569;-550670;-2;#вхякн!
-1034;929;-105;-1963;-960586;-1;#вхякн!
-1031;-39;-1070;-992;40209;26;#вхякн!
-1022;5;-1017;-1027;-5110;-204;#вхякн!
-1020;956;-64;-1976;-975120;-1;#вхякн!
-1011;-867;-1878;-144;876537;1;#вхякн!
-998;330;-668;-1328;-329340;-3;#вхякн!
-982;-141;-1123;-841;138462;7;#вхякн!
-980;129;-851;-1109;-126420;-8;#вхякн!
-979;568;-411;-1547;-556072;-2;#вхякн!
-970;237;-733;-1207;-229890;-4;#вхякн!
-969;140;-829;-1109;-135660;-7;#вхякн!
-967;38;-929;-1005;-36746;-25;#вхякн!
-965;-367;-1332;-598;354155;3;#вхякн!
-962;484;-478;-1446;-465608;-2;#вхякн!
-945;-199;-1144;-746;188055;5;#вхякн!
-945;1115;170;-2060;-1053675;-1;#вхякн!
-940;285;-655;-1225;-267900;-3;#вхякн!
-938;2;-936;-940;-1876;-469;#вхякн!
-934;475;-459;-1409;-443650;-2;#вхякн!
-917;41;-876;-958;-37597;-22;#вхякн!
-916;1000;84;-1916;-916000;-1;#вхякн!
-910;90;-820;-1000;-81900;-10;#вхякн!
-909;699;-210;-1608;-635391;-1;#вхякн!
-901;193;-708;-1094;-173893;-5;#вхякн!
-892;129;-763;-1021;-115068;-7;#вхякн!
-891;-127;-1018;-764;113157;7;#вхякн!
-888;-144;-1032;-744;127872;6;#вхякн!
-876;793;-83;-1669;-694668;-1;#вхякн!
-874;416;-458;-1290;-363584;-2;#вхякн!
-870;-12;-882;-858;10440;73;#вхякн!
-868;627;-241;-1495;-544236;-1;#вхякн!
-855;1456;601;-2311;-1244880;-1;#вхякн!
-851;388;-463;-1239;-330188;-2;#вхякн!
-849;1272;423;-2121;-1079928;-1;#вхякн!
-842;286;-556;-1128;-240812;-3;#вхякн!
-834;231;-603;-1065;-192654;-4;#вхякн!
-829;232;-597;-1061;-192328;-4;#вхякн!
-821;73;-748;-894;-59933;-11;#вхякн!
-819;-434;-1253;-385;355446;2;#вхякн!
-819;-40;-859;-779;32760;20;#вхякн!
-814;431;-383;-1245;-350834;-2;#вхякн!
-813;-446;-1259;-367;362598;2;#вхякн!
-810;689;-121;-1499;-558090;-1;#вхякн!
-805;-243;-1048;-562;195615;3;#вхякн!
-801;856;55;-1657;-685656;-1;#вхякн!
-800;689;-111;-1489;-551200;-1;#вхякн!
-798;889;91;-1687;-709422;-1;#вхякн!
-797;112;-685;-909;-89264;-7;#вхякн!
-797;-476;-1273;-321;379372;2;#вхякн!
-796;274;-522;-1070;-218104;-3;#вхякн!
-793;-412;-1205;-381;326716;2;#вхякн!
-793;1516;723;-2309;-1202188;-1;#вхякн!
-791;872;81;-1663;-689752;-1;#вхякн!
-789;159;-630;-948;-125451;-5;#вхякн!
-787;617;-170;-1404;-485579;-1;#вхякн!
-778;378;-400;-1156;-294084;-2;#вхякн!
-772;1303;531;-2075;-1005916;-1;#вхякн!
-772;160;-612;-932;-123520;-5;#вхякн!
-770;1225;455;-1995;-943250;-1;#вхякн!
-770;-335;-1105;-435;257950;2;#вхякн!
-767;230;-537;-997;-176410;-3;#вхякн!
-761;959;198;-1720;-729799;-1;#вхякн!
-760;601;-159;-1361;-456760;-1;#вхякн!
-758;104;-654;-862;-78832;-7;#вхякн!
-749;926;177;-1675;-693574;-1;#вхякн!
-746;-467;-1213;-279;348382;2;#вхякн!
-746;731;-15;-1477;-545326;-1;#вхякн!
-734;761;27;-1495;-558574;-1;#вхякн!
-731;134;-597;-865;-97954;-5;#вхякн!
-730;-13;-743;-717;9490;56;#вхякн!
-725;-775;-1500;50;561875;1;#вхякн!
-725;333;-392;-1058;-241425;-2;#вхякн!
-724;362;-362;-1086;-262088;-2;#вхякн!
-720;786;66;-1506;-565920;-1;#вхякн!
-716;738;22;-1454;-528408;-1;#вхякн!
-715;541;-174;-1256;-386815;-1;#вхякн!
-711;439;-272;-1150;-312129;-2;#вхякн!
-708;289;-419;-997;-204612;-2;#вхякн!
-708;-420;-1128;-288;297360;2;#вхякн!
-705;239;-466;-944;-168495;-3;#вхякн!
-696;-183;-879;-513;127368;4;#вхякн!
-694;93;-601;-787;-64542;-7;#вхякн!
-693;252;-441;-945;-174636;-3;#вхякн!
-683;970;287;-1653;-662510;-1;#вхякн!
-680;243;-437;-923;-165240;-3;#вхякн!
-679;-224;-903;-455;152096;3;#вхякн!
-678;546;-132;-1224;-370188;-1;#вхякн!
-671;185;-486;-856;-124135;-4;#вхякн!
-668;-18;-686;-650;12024;37;#вхякн!
-665;727;62;-1392;-483455;-1;#вхякн!
-662;870;208;-1532;-575940;-1;#вхякн!
-661;464;-197;-1125;-306704;-1;#вхякн!
-656;14;-642;-670;-9184;-47;#вхякн!
-654;-35;-689;-619;22890;19;#вхякн!
-649;94;-555;-743;-61006;-7;#вхякн!
-649;-334;-983;-315;216766;2;#вхякн!
-646;36;-610;-682;-23256;-18;#вхякн!
-644;-41;-685;-603;26404;16;#вхякн!
-644;112;-532;-756;-72128;-6;#вхякн!
-644;527;-117;-1171;-339388;-1;#вхякн!
-644;885;241;-1529;-569940;-1;#вхякн!
-644;15;-629;-659;-9660;-43;#вхякн!
-643;172;-471;-815;-110596;-4;#вхякн!
-641;-110;-751;-531;70510;6;#вхякн!
-639;721;82;-1360;-460719;-1;#вхякн!
-637;-28;-665;-609;17836;23;#вхякн!
-635;-170;-805;-465;107950;4;#вхякн!
-630;-487;-1117;-143;306810;1;#вхякн!
-630;52;-578;-682;-32760;-12;#вхякн!
-629;-112;-741;-517;70448;6;#вхякн!
-627;836;209;-1463;-524172;-1;#вхякн!
-626;-83;-709;-543;51958;8;#вхякн!
-619;-389;-1008;-230;240791;2;#вхякн!
-618;222;-396;-840;-137196;-3;#вхякн!
-617;93;-524;-710;-57381;-7;#вхякн!
-617;777;160;-1394;-479409;-1;#вхякн!
-616;677;61;-1293;-417032;-1;#вхякн!
-615;535;-80;-1150;-329025;-1;#вхякн!
-615;475;-140;-1090;-292125;-1;#вхякн!
-613;-58;-671;-555;35554;11;#вхякн!
-612;692;80;-1304;-423504;-1;#вхякн!
-611;10;-601;-621;-6110;-61;#вхякн!
-605;262;-343;-867;-158510;-2;#вхякн!
-604;-506;-1110;-98;305624;1;#вхякн!
-604;312;-292;-916;-188448;-2;#вхякн!
-599;180;-419;-779;-107820;-3;#вхякн!
-596;691;95;-1287;-411836;-1;#вхякн!
-596;1453;857;-2049;-865988;0;#вхякн!
-593;716;123;-1309;-424588;-1;#вхякн!
-592;-569;-1161;-23;336848;1;#вхякн!
-591;-555;-1146;-36;328005;1;#вхякн!
-590;725;135;-1315;-427750;-1;#вхякн!
-588;1065;477;-1653;-626220;-1;#вхякн!
-586;445;-141;-1031;-260770;-1;#вхякн!
-586;911;325;-1497;-533846;-1;#вхякн!
-585;779;194;-1364;-455715;-1;#вхякн!
-580;1585;1005;-2165;-919300;0;#вхякн!
-579;520;-59;-1099;-301080;-1;#вхякн!
-578;-7;-585;-571;4046;83;#вхякн!
-577;101;-476;-678;-58277;-6;#вхякн!
-576;801;225;-1377;-461376;-1;#вхякн!
-575;390;-185;-965;-224250;-1;#вхякн!
-574;208;-366;-782;-119392;-3;#вхякн!
-571;-119;-690;-452;67949;5;#вхякн!
-569;165;-404;-734;-93885;-3;#вхякн!
-563;-229;-792;-334;128927;2;#вхякн!
-563;888;325;-1451;-499944;-1;#вхякн!
-562;303;-259;-865;-170286;-2;#вхякн!
-561;619;58;-1180;-347259;-1;#вхякн!
-555;112;-443;-667;-62160;-5;#вхякн!
-550;624;74;-1174;-343200;-1;#вхякн!
-541;825;284;-1366;-446325;-1;#вхякн!
-537;63;-474;-600;-33831;-9;#вхякн!
-530;375;-155;-905;-198750;-1;#вхякн!
-528;-698;-1226;170;368544;1;#вхякн!
-528;-1267;-1795;739;668976;0;#вхякн!
-525;216;-309;-741;-113400;-2;#вхякн!
-525;516;-9;-1041;-270900;-1;#вхякн!
-524;51;-473;-575;-26724;-10;#вхякн!
-523;-34;-557;-489;17782;15;#вхякн!
-522;498;-24;-1020;-259956;-1;#вхякн!
-520;455;-65;-975;-236600;-1;#вхякн!
-520;10;-510;-530;-5200;-52;#вхякн!
-517;1225;708;-1742;-633325;0;#вхякн!
-516;227;-289;-743;-117132;-2;#вхякн!
-515;657;142;-1172;-338355;-1;#вхякн!
-508;-285;-793;-223;144780;2;#вхякн!
-508;193;-315;-701;-98044;-3;#вхякн!
-506;-227;-733;-279;114862;2;#вхякн!
-505;-286;-791;-219;144430;2;#вхякн!
-505;-256;-761;-249;129280;2;#вхякн!
-504;680;176;-1184;-342720;-1;#вхякн!
-501;1045;544;-1546;-523545;0;#вхякн!
-499;358;-141;-857;-178642;-1;#вхякн!
-490;-72;-562;-418;35280;7;#вхякн!
-487;245;-242;-732;-119315;-2;#вхякн!
-487;-159;-646;-328;77433;3;#вхякн!
-485;404;-81;-889;-195940;-1;#вхякн!
-485;823;338;-1308;-399155;-1;#вхякн!
-479;663;184;-1142;-317577;-1;#вхякн!
-477;-79;-556;-398;37683;6;#вхякн!
-477;831;354;-1308;-396387;-1;#вхякн!
-473;11;-462;-484;-5203;-43;#вхякн!
-473;340;-133;-813;-160820;-1;#вхякн!
-473;-155;-628;-318;73315;3;#вхякн!
-472;-363;-835;-109;171336;1;#вхякн!
-469;21;-448;-490;-9849;-22;#вхякн!
-467;-311;-778;-156;145237;2;#вхякн!
-467;7;-460;-474;-3269;-67;#вхякн!
-459;437;-22;-896;-200583;-1;#вхякн!
-453;221;-232;-674;-100113;-2;#вхякн!
-453;782;329;-1235;-354246;-1;#вхякн!
-452;484;32;-936;-218768;-1;#вхякн!
-448;-380;-828;-68;170240;1;#вхякн!
-447;5;-442;-452;-2235;-89;#вхякн!
-444;1176;732;-1620;-522144;0;#вхякн!
-444;9;-435;-453;-3996;-49;#вхякн!
-442;286;-156;-728;-126412;-2;#вхякн!
-441;-554;-995;113;244314;1;#вхякн!
-440;448;8;-888;-197120;-1;#вхякн!
-430;715;285;-1145;-307450;-1;#вхякн!
-430;242;-188;-672;-104060;-2;#вхякн!
-428;196;-232;-624;-83888;-2;#вхякн!
-427;270;-157;-697;-115290;-2;#вхякн!
-426;-68;-494;-358;28968;6;#вхякн!
-426;123;-303;-549;-52398;-3;#вхякн!
-425;712;287;-1137;-302600;-1;#вхякн!
-425;434;9;-859;-184450;-1;#вхякн!
-424;865;441;-1289;-366760;0;#вхякн!
-424;563;139;-987;-238712;-1;#вхякн!
-423;639;216;-1062;-270297;-1;#вхякн!
-420;154;-266;-574;-64680;-3;#вхякн!
-418;-564;-982;146;235752;1;#вхякн!
-417;-480;-897;63;200160;1;#вхякн!
-412;660;248;-1072;-271920;-1;#вхякн!
-410;-130;-540;-280;53300;3;#вхякн!
-410;-619;-1029;209;253790;1;#вхякн!
-409;-330;-739;-79;134970;1;#вхякн!
-409;894;485;-1303;-365646;0;#вхякн!
-408;-223;-631;-185;90984;2;#вхякн!
-407;-172;-579;-235;70004;2;#вхякн!
-405;-280;-685;-125;113400;1;#вхякн!
-402;713;311;-1115;-286626;-1;#вхякн!
-397;-612;-1009;215;242964;1;#вхякн!
-396;1009;613;-1405;-399564;0;#вхякн!
-392;-109;-501;-283;42728;4;#вхякн!
-387;785;398;-1172;-303795;0;#вхякн!
-384;440;56;-824;-168960;-1;#вхякн!
-384;-209;-593;-175;80256;2;#вхякн!
-382;1032;650;-1414;-394224;0;#вхякн!
-382;489;107;-871;-186798;-1;#вхякн!
-380;330;-50;-710;-125400;-1;#вхякн!
-377;676;299;-1053;-254852;-1;#вхякн!
-373;79;-294;-452;-29467;-5;#вхякн!
-373;294;-79;-667;-109662;-1;#вхякн!
-372;601;229;-973;-223572;-1;#вхякн!
-371;140;-231;-511;-51940;-3;#вхякн!
-369;351;-18;-720;-129519;-1;#вхякн!
-368;739;371;-1107;-271952;0;#вхякн!
-368;-13;-381;-355;4784;28;#вхякн!
-368;684;316;-1052;-251712;-1;#вхякн!
-364;-153;-517;-211;55692;2;#вхякн!
-360;591;231;-951;-212760;-1;#вхякн!
-359;-19;-378;-340;6821;19;#вхякн!
-359;756;397;-1115;-271404;0;#вхякн!
-357;-143;-500;-214;51051;2;#вхякн!
-354;669;315;-1023;-236826;-1;#вхякн!
-354;-106;-460;-248;37524;3;#вхякн!
-348;996;648;-1344;-346608;0;#вхякн!
-344;462;118;-806;-158928;-1;#вхякн!
-338;952;614;-1290;-321776;0;#вхякн!
-336;815;479;-1151;-273840;0;#вхякн!
-330;-242;-572;-88;79860;1;#вхякн!
-328;96;-232;-424;-31488;-3;#вхякн!
-326;-269;-595;-57;87694;1;#вхякн!
-325;647;322;-972;-210275;-1;#вхякн!
-324;-1026;-1350;702;332424;0;#вхякн!
-323;439;116;-762;-141797;-1;#вхякн!
-318;109;-209;-427;-34662;-3;#вхякн!
-317;840;523;-1157;-266280;0;#вхякн!
-317;542;225;-859;-171814;-1;#вхякн!
-316;85;-231;-401;-26860;-4;#вхякн!
-316;-177;-493;-139;55932;2;#вхякн!
-314;772;458;-1086;-242408;0;#вхякн!
-313;109;-204;-422;-34117;-3;#вхякн!
-312;-195;-507;-117;60840;2;#вхякн!
-310;108;-202;-418;-33480;-3;#вхякн!
-307;629;322;-936;-193103;0;#вхякн!
-305;817;512;-1122;-249185;0;#вхякн!
-299;921;622;-1220;-275379;0;#вхякн!
-292;-248;-540;-44;72416;1;#вхякн!
-292;447;155;-739;-130524;-1;#вхякн!
-292;544;252;-836;-158848;-1;#вхякн!
-290;335;45;-625;-97150;-1;#вхякн!
-288;340;52;-628;-97920;-1;#вхякн!
-286;-14;-300;-272;4004;20;#вхякн!
-285;-201;-486;-84;57285;1;#вхякн!
-279;666;387;-945;-185814;0;#вхякн!
-277;-380;-657;103;105260;1;#вхякн!
-275;297;22;-572;-81675;-1;#вхякн!
-275;42;-233;-317;-11550;-7;#вхякн!
-274;272;-2;-546;-74528;-1;#вхякн!
-273;-161;-434;-112;43953;2;#вхякн!
-273;1206;933;-1479;-329238;0;#вхякн!
-273;-291;-564;18;79443;1;#вхякн!
-271;624;353;-895;-169104;0;#вхякн!
-271;162;-109;-433;-43902;-2;#вхякн!
-270;225;-45;-495;-60750;-1;#вхякн!
-269;807;538;-1076;-217083;0;#вхякн!
-268;512;244;-780;-137216;-1;#вхякн!
-267;-635;-902;368;169545;0;#вхякн!
-267;340;73;-607;-90780;-1;#вхякн!
-266;182;-84;-448;-48412;-1;#вхякн!
-266;200;-66;-466;-53200;-1;#вхякн!
-265;1311;1046;-1576;-347415;0;#вхякн!
-261;512;251;-773;-133632;-1;#вхякн!
-260;-46;-306;-214;11960;6;#вхякн!
-260;-250;-510;-10;65000;1;#вхякн!
-256;492;236;-748;-125952;-1;#вхякн!
-255;785;530;-1040;-200175;0;#вхякн!
-254;-881;-1135;627;223774;0;#вхякн!
-253;210;-43;-463;-53130;-1;#вхякн!
-253;762;509;-1015;-192786;0;#вхякн!
-252;90;-162;-342;-22680;-3;#вхякн!
-252;658;406;-910;-165816;0;#вхякн!
-251;-625;-876;374;156875;0;#вхякн!
-251;497;246;-748;-124747;-1;#вхякн!
-251;60;-191;-311;-15060;-4;#вхякн!
-251;382;131;-633;-95882;-1;#вхякн!
-248;333;85;-581;-82584;-1;#вхякн!
-247;479;232;-726;-118313;-1;#вхякн!
-246;326;80;-572;-80196;-1;#вхякн!
-243;-238;-481;-5;57834;1;#вхякн!
-242;-38;-280;-204;9196;6;#вхякн!
-242;-73;-315;-169;17666;3;#вхякн!
-238;-21;-259;-217;4998;11;#вхякн!
-238;1281;1043;-1519;-304878;0;#вхякн!
-235;-740;-975;505;173900;0;#вхякн!
-233;577;344;-810;-134441;0;#вхякн!
-233;-396;-629;163;92268;1;#вхякн!
-230;791;561;-1021;-181930;0;#вхякн!
-230;323;93;-553;-74290;-1;#вхякн!
-228;362;134;-590;-82536;-1;#вхякн!
-227;455;228;-682;-103285;0;#вхякн!
-227;728;501;-955;-165256;0;#вхякн!
-226;-367;-593;141;82942;1;#вхякн!
-223;295;72;-518;-65785;-1;#вхякн!
-220;730;510;-950;-160600;0;#вхякн!
-219;329;110;-548;-72051;-1;#вхякн!
-216;-72;-288;-144;15552;3;#вхякн!
-216;9;-207;-225;-1944;-24;#вхякн!
-216;545;329;-761;-117720;0;#вхякн!
-215;-259;-474;44;55685;1;#вхякн!
-214;405;191;-619;-86670;-1;#вхякн!
-212;-723;-935;511;153276;0;#вхякн!
-210;537;327;-747;-112770;0;#вхякн!
-210;358;148;-568;-75180;-1;#вхякн!
-209;532;323;-741;-111188;0;#вхякн!
-205;-190;-395;-15;38950;1;#вхякн!
-205;127;-78;-332;-26035;-2;#вхякн!
-200;216;16;-416;-43200;-1;#вхякн!
-200;366;166;-566;-73200;-1;#вхякн!
-198;335;137;-533;-66330;-1;#вхякн!
-196;-21;-217;-175;4116;9;#вхякн!
-193;535;342;-728;-103255;0;#вхякн!
-190;43;-147;-233;-8170;-4;#вхякн!
-189;-156;-345;-33;29484;1;#вхякн!
-189;486;297;-675;-91854;0;#вхякн!
-188;152;-36;-340;-28576;-1;#вхякн!
-185;-248;-433;63;45880;1;#вхякн!
-183;26;-157;-209;-4758;-7;#вхякн!
-180;-277;-457;97;49860;1;#вхякн!
-178;609;431;-787;-108402;0;#вхякн!
-177;-248;-425;71;43896;1;#вхякн!
-176;177;1;-353;-31152;-1;#вхякн!
-175;-407;-582;232;71225;0;#вхякн!
-175;-176;-351;1;30800;1;#вхякн!
-175;294;119;-469;-51450;-1;#вхякн!
-173;275;102;-448;-47575;-1;#вхякн!
-173;241;68;-414;-41693;-1;#вхякн!
-169;554;385;-723;-93626;0;#вхякн!
-167;-93;-260;-74;15531;2;#вхякн!
-165;209;44;-374;-34485;-1;#вхякн!
-165;271;106;-436;-44715;-1;#вхякн!
-165;255;90;-420;-42075;-1;#вхякн!
-163;1562;1399;-1725;-254606;0;#вхякн!
-162;-532;-694;370;86184;0;#вхякн!
-161;948;787;-1109;-152628;0;#вхякн!
-158;347;189;-505;-54826;0;#вхякн!
-156;101;-55;-257;-15756;-2;#вхякн!
-155;793;638;-948;-122915;0;#вхякн!
-151;166;15;-317;-25066;-1;#вхякн!
-151;-385;-536;234;58135;0;#вхякн!
-150;-174;-324;24;26100;1;#вхякн!
-150;-705;-855;555;105750;0;#вхякн!
-149;-61;-210;-88;9089;2;#вхякн!
-148;462;314;-610;-68376;0;#вхякн!
-148;746;598;-894;-110408;0;#вхякн!
-147;791;644;-938;-116277;0;#вхякн!
-136;1224;1088;-1360;-166464;0;#вхякн!
-132;-331;-463;199;43692;0;#вхякн!
-131;197;66;-328;-25807;-1;#вхякн!
-130;401;271;-531;-52130;0;#вхякн!
-129;443;314;-572;-57147;0;#вхякн!
-129;590;461;-719;-76110;0;#вхякн!
-128;-99;-227;-29;12672;1;#вхякн!
-128;517;389;-645;-66176;0;#вхякн!
-127;917;790;-1044;-116459;0;#вхякн!
-127;755;628;-882;-95885;0;#вхякн!
-124;-204;-328;80;25296;1;#вхякн!
-123;217;94;-340;-26691;-1;#вхякн!
-123;612;489;-735;-75276;0;#вхякн!
-121;480;359;-601;-58080;0;#вхякн!
-121;475;354;-596;-57475;0;#вхякн!
-120;318;198;-438;-38160;0;#вхякн!
-120;725;605;-845;-87000;0;#вхякн!
-116;-279;-395;163;32364;0;#вхякн!
-114;289;175;-403;-32946;0;#вхякн!
-112;161;49;-273;-18032;-1;#вхякн!
-111;638;527;-749;-70818;0;#вхякн!
-108;437;329;-545;-47196;0;#вхякн!
-108;499;391;-607;-53892;0;#вхякн!
-107;-474;-581;367;50718;0;#вхякн!
-106;196;90;-302;-20776;-1;#вхякн!
-103;552;449;-655;-56856;0;#вхякн!
-102;-775;-877;673;79050;0;#вхякн!
-102;226;124;-328;-23052;0;#вхякн!
-99;287;188;-386;-28413;0;#вхякн!
-99;-341;-440;242;33759;0;#вхякн!
-98;514;416;-612;-50372;0;#вхякн!
-97;436;339;-533;-42292;0;#вхякн!
-97;-459;-556;362;44523;0;#вхякн!
-97;466;369;-563;-45202;0;#вхякн!
-95;207;112;-302;-19665;0;#вхякн!
-94;-265;-359;171;24910;0;#вхякн!
-94;-301;-395;207;28294;0;#вхякн!
-94;125;31;-219;-11750;-1;#вхякн!
-90;-11;-101;-79;990;8;#вхякн!
-90;-427;-517;337;38430;0;#вхякн!
-88;-425;-513;337;37400;0;#вхякн!
-86;889;803;-975;-76454;0;#вхякн!
-86;754;668;-840;-64844;0;#вхякн!
-86;-116;-202;30;9976;1;#вхякн!
-84;-457;-541;373;38388;0;#вхякн!
-81;547;466;-628;-44307;0;#вхякн!
-81;760;679;-841;-61560;0;#вхякн!
-76;-92;-168;16;6992;1;#вхякн!
-75;456;381;-531;-34200;0;#вхякн!
-74;-346;-420;272;25604;0;#вхякн!
-73;139;66;-212;-10147;-1;#вхякн!
-72;627;555;-699;-45144;0;#вхякн!
-71;402;331;-473;-28542;0;#вхякн!
-65;-510;-575;445;33150;0;#вхякн!
-64;-1157;-1221;1093;74048;0;#вхякн!
-62;1022;960;-1084;-63364;0;#вхякн!
-61;273;212;-334;-16653;0;#вхякн!
-60;159;99;-219;-9540;0;#вхякн!
-60;1087;1027;-1147;-65220;0;#вхякн!
-58;200;142;-258;-11600;0;#вхякн!
-57;441;384;-498;-25137;0;#вхякн!
-53;405;352;-458;-21465;0;#вхякн!
-52;436;384;-488;-22672;0;#вхякн!
-49;487;438;-536;-23863;0;#вхякн!
-49;1022;973;-1071;-50078;0;#вхякн!
-46;240;194;-286;-11040;0;#вхякн!
-45;-704;-749;659;31680;0;#вхякн!
-36;490;454;-526;-17640;0;#вхякн!
-35;559;524;-594;-19565;0;#вхякн!
-35;541;506;-576;-18935;0;#вхякн!
-34;408;374;-442;-13872;0;#вхякн!
-33;-751;-784;718;24783;0;#вхякн!
-32;566;534;-598;-18112;0;#вхякн!
-30;180;150;-210;-5400;0;#вхякн!
-29;279;250;-308;-8091;0;#вхякн!
-29;-455;-484;426;13195;0;#вхякн!
-28;-235;-263;207;6580;0;#вхякн!
-28;348;320;-376;-9744;0;#вхякн!
-28;827;799;-855;-23156;0;#вхякн!
-26;255;229;-281;-6630;0;#вхякн!
-24;191;167;-215;-4584;0;#вхякн!
-24;41;17;-65;-984;-1;#вхякн!
-22;-320;-342;298;7040;0;#вхякн!
-22;850;828;-872;-18700;0;#вхякн!
-20;-37;-57;17;740;1;#вхякн!
-17;320;303;-337;-5440;0;#вхякн!
-17;279;262;-296;-4743;0;#вхякн!
-17;-287;-304;270;4879;0;#вхякн!
-15;504;489;-519;-7560;0;#вхякн!
-14;-92;-106;78;1288;0;#вхякн!
-13;-261;-274;248;3393;0;#вхякн!
-12;501;489;-513;-6012;0;#вхякн!
-12;569;557;-581;-6828;0;#вхякн!
-11;-575;-586;564;6325;0;#вхякн!
-10;-249;-259;239;2490;0;#вхякн!
-9;563;554;-572;-5067;0;#вхякн!
-8;234;226;-242;-1872;0;#вхякн!
-7;1407;1400;-1414;-9849;0;#вхякн!
-6;-38;-44;32;228;0;#вхякн!
-5;-567;-572;562;2835;0;#вхякн!
-4;-852;-856;848;3408;0;#вхякн!
-1;-481;-482;480;481;0;#вхякн!
2;-708;-706;710;-1416;0;#вхякн!
3;-78;-75;81;-234;0;#вхякн!
8;-373;-365;381;-2984;0;#вхякн!
11;-312;-301;323;-3432;0;#вхякн!
19;-1095;-1076;1114;-20805;0;#вхякн!
20;-379;-359;399;-7580;0;#вхякн!
21;-910;-889;931;-19110;0;#вхякн!
24;-78;-54;102;-1872;0;#вхякн!
31;-121;-90;152;-3751;0;#вхякн!
33;-37;-4;70;-1221;-1;#вхякн!
34;-122;-88;156;-4148;0;#вхякн!
47;-505;-458;552;-23735;0;#вхякн!
53;-230;-177;283;-12190;0;#вхякн!
73;-208;-135;281;-15184;0;#вхякн!
74;-326;-252;400;-24124;0;#вхякн!
77;-470;-393;547;-36190;0;#вхякн!
77;-206;-129;283;-15862;0;#вхякн!
78;-419;-341;497;-32682;0;#вхякн!
81;-472;-391;553;-38232;0;#вхякн!
82;-132;-50;214;-10824;-1;#вхякн!
84;-348;-264;432;-29232;0;#вхякн!
85;-378;-293;463;-32130;0;#вхякн!
88;-728;-640;816;-64064;0;#вхякн!
96;-152;-56;248;-14592;-1;#вхякн!
100;-243;-143;343;-24300;0;#вхякн!
101;-26;75;127;-2626;-4;#вхякн!
103;-501;-398;604;-51603;0;#вхякн!
104;-362;-258;466;-37648;0;#вхякн!
104;-61;43;165;-6344;-2;#вхякн!
107;-52;55;159;-5564;-2;#вхякн!
116;-160;-44;276;-18560;-1;#вхякн!
120;-151;-31;271;-18120;-1;#вхякн!
134;-95;39;229;-12730;-1;#вхякн!
140;-843;-703;983;-118020;0;#вхякн!
144;-313;-169;457;-45072;0;#вхякн!
146;-405;-259;551;-59130;0;#вхякн!
147;-384;-237;531;-56448;0;#вхякн!
150;-193;-43;343;-28950;-1;#вхякн!
179;-155;24;334;-27745;-1;#вхякн!
180;-685;-505;865;-123300;0;#вхякн!
182;-506;-324;688;-92092;0;#вхякн!
187;-186;1;373;-34782;-1;#вхякн!
188;-801;-613;989;-150588;0;#вхякн!
201;-173;28;374;-34773;-1;#вхякн!
217;-22;195;239;-4774;-10;#вхякн!
221;-89;132;310;-19669;-2;#вхякн!
226;-51;175;277;-11526;-4;#вхякн!
231;-207;24;438;-47817;-1;#вхякн!
250;-929;-679;1179;-232250;0;#вхякн!
254;-394;-140;648;-100076;-1;#вхякн!
255;-84;171;339;-21420;-3;#вхякн!
257;-345;-88;602;-88665;-1;#вхякн!
289;-230;59;519;-66470;-1;#вхякн!
289;-27;262;316;-7803;-11;#вхякн!
293;-707;-414;1000;-207151;0;#вхякн!
294;-775;-481;1069;-227850;0;#вхякн!
299;-186;113;485;-55614;-2;#вхякн!
302;-458;-156;760;-138316;-1;#вхякн!
303;-90;213;393;-27270;-3;#вхякн!
303;-881;-578;1184;-266943;0;#вхякн!
307;-710;-403;1017;-217970;0;#вхякн!
311;-97;214;408;-30167;-3;#вхякн!
313;-411;-98;724;-128643;-1;#вхякн!
316;-5;311;321;-1580;-63;#вхякн!
328;-540;-212;868;-177120;-1;#вхякн!
337;-580;-243;917;-195460;-1;#вхякн!
342;-784;-442;1126;-268128;0;#вхякн!
342;-388;-46;730;-132696;-1;#вхякн!
348;-215;133;563;-74820;-2;#вхякн!
349;-102;247;451;-35598;-3;#вхякн!
365;-137;228;502;-50005;-3;#вхякн!
365;-13;352;378;-4745;-28;#вхякн!
377;-305;72;682;-114985;-1;#вхякн!
378;-137;241;515;-51786;-3;#вхякн!
382;-90;292;472;-34380;-4;#вхякн!
383;-261;122;644;-99963;-1;#вхякн!
414;-87;327;501;-36018;-5;#вхякн!
419;-568;-149;987;-237992;-1;#вхякн!
439;-261;178;700;-114579;-2;#вхякн!
443;-1175;-732;1618;-520525;0;#вхякн!
451;-519;-68;970;-234069;-1;#вхякн!
455;-447;8;902;-203385;-1;#вхякн!
457;-374;83;831;-170918;-1;#вхякн!
469;-1127;-658;1596;-528563;0;#вхякн!
481;-335;146;816;-161135;-1;#вхякн!
493;-24;469;517;-11832;-21;#вхякн!
510;-180;330;690;-91800;-3;#вхякн!
512;-157;355;669;-80384;-3;#вхякн!
515;-710;-195;1225;-365650;-1;#вхякн!
520;-156;364;676;-81120;-3;#вхякн!
527;-152;375;679;-80104;-3;#вхякн!
549;-101;448;650;-55449;-5;#вхякн!
562;-156;406;718;-87672;-4;#вхякн!
582;-216;366;798;-125712;-3;#вхякн!
584;-93;491;677;-54312;-6;#вхякн!
586;-240;346;826;-140640;-2;#вхякн!
609;-279;330;888;-169911;-2;#вхякн!
617;-545;72;1162;-336265;-1;#вхякн!
618;-41;577;659;-25338;-15;#вхякн!
621;-386;235;1007;-239706;-2;#вхякн!
622;-184;438;806;-114448;-3;#вхякн!
627;-650;-23;1277;-407550;-1;#вхякн!
631;-82;549;713;-51742;-8;#вхякн!
636;-277;359;913;-176172;-2;#вхякн!
639;-5;634;644;-3195;-128;#вхякн!
676;-375;301;1051;-253500;-2;#вхякн!
680;-20;660;700;-13600;-34;#вхякн!
684;-579;105;1263;-396036;-1;#вхякн!
684;-121;563;805;-82764;-6;#вхякн!
686;-84;602;770;-57624;-8;#вхякн!
687;-13;674;700;-8931;-53;#вхякн!
698;-5;693;703;-3490;-140;#вхякн!
707;-273;434;980;-193011;-3;#вхякн!
737;-633;104;1370;-466521;-1;#вхякн!
765;-12;753;777;-9180;-64;#вхякн!
792;-376;416;1168;-297792;-2;#вхякн!
805;-44;761;849;-35420;-18;#вхякн!
809;-295;514;1104;-238655;-3;#вхякн!
817;-66;751;883;-53922;-12;#вхякн!
818;-372;446;1190;-304296;-2;#вхякн!
821;-212;609;1033;-174052;-4;#вхякн!
823;-251;572;1074;-206573;-3;#вхякн!
841;-181;660;1022;-152221;-5;#вхякн!
847;-512;335;1359;-433664;-2;#вхякн!
860;-459;401;1319;-394740;-2;#вхякн!
905;-69;836;974;-62445;-13;#вхякн!
910;-161;749;1071;-146510;-6;#вхякн!
911;-719;192;1630;-655009;-1;#вхякн!
919;-126;793;1045;-115794;-7;#вхякн!
937;-542;395;1479;-507854;-2;#вхякн!
941;-188;753;1129;-176908;-5;#вхякн!
946;-813;133;1759;-769098;-1;#вхякн!
969;-632;337;1601;-612408;-2;#вхякн!
975;-585;390;1560;-570375;-2;#вхякн!
977;-84;893;1061;-82068;-12;#вхякн!
1007;-152;855;1159;-153064;-7;#вхякн!
1049;-19;1030;1068;-19931;-55;#вхякн!
1063;-893;170;1956;-949259;-1;#вхякн!
1353;-110;1243;1463;-148830;-12;#вхякн!
1477;-67;1410;1544;-98959;-22;#вхякн!
1246;808;2054;438;1006768;2;2038
202;1828;2030;-1626;369256;0;2030
1315;648;1963;667;852120;2;1963
674;1318;1992;-644;888332;1;1924
1441;547;1988;894;788227;3;1922
1233;958;2191;275;1181214;1;1903
810;1134;1944;-324;918540;1;1860
1084;788;1872;296;854192;1;1832
714;1077;1791;-363;768978;1;1791
850;1429;2279;-579;1214650;1;1735
518;1205;1723;-687;624190;0;1715
534;1213;1747;-679;647742;0;1707
1372;783;2155;589;1074276;2;1619
1059;562;1621;497;595158;2;1553
879;1389;2268;-510;1220931;1;1538
371;1248;1619;-877;463008;0;1427
410;1049;1459;-639;430090;0;1411
473;1185;1658;-712;560505;0;1400
111;1289;1400;-1178;143079;0;1382
325;1049;1374;-724;340925;0;1372
1052;297;1349;755;312444;4;1333
80;1368;1448;-1288;109440;0;1288
1273;51;1324;1222;64923;25;1226
1158;53;1211;1105;61374;22;1203
442;1298;1740;-856;573716;0;1192
1389;456;1845;933;633384;3;1189
75;1221;1296;-1146;91575;0;1166
1097;197;1294;900;216109;6;1164
366;1328;1694;-962;486048;0;1118
155;1196;1351;-1041;185380;0;1079
75;1098;1173;-1023;82350;0;1025
537;485;1022;52;260445;1;1020
902;127;1029;775;114554;7;1017
231;784;1015;-553;181104;0;1015
208;802;1010;-594;166816;0;1010
163;841;1004;-678;137083;0;1002
313;721;1034;-408;225673;0;1000
88;956;1044;-868;84128;0;996
808;245;1053;563;197960;3;989
37;1017;1054;-980;37629;0;988
615;444;1059;171;273060;1;987
193;792;985;-599;152856;0;985
487;574;1061;-87;279538;1;985
624;423;1047;201;263952;1;983
834;149;983;685;124266;6;983
664;334;998;330;221776;2;982
362;676;1038;-314;244712;1;974
319;754;1073;-435;240526;0;973
551;491;1042;60;270541;1;972
227;810;1037;-583;183870;0;969
298;738;1036;-440;219924;0;968
130;832;962;-702;108160;0;962
472;537;1009;-65;253464;1;961
415;544;959;-129;225760;1;959
182;768;950;-586;139776;0;950
384;563;947;-179;216192;1;947
654;317;971;337;207318;2;947
641;305;946;336;195505;2;944
158;823;981;-665;130034;0;937
561;405;966;156;227205;1;932
464;625;1089;-161;290000;1;929
852;245;1097;607;208740;3;929
226;895;1121;-669;202270;0;925
655;275;930;380;180125;2;924
523;403;926;120;210769;1;920
5;915;920;-910;4575;0;918
895;236;1131;659;211220;4;915
0;913;913;-913;0;0;913
181;804;985;-623;145524;0;913
128;782;910;-654;100096;0;910
222;848;1070;-626;188256;0;910
258;649;907;-391;167442;0;907
991;95;1086;896;94145;10;896
722;428;1150;294;309016;2;894
741;409;1150;332;303069;2;892
173;982;1155;-809;169886;0;891
896;247;1143;649;221312;4;887
562;320;882;242;179840;2;882
500;665;1165;-165;332500;1;877
933;207;1140;726;193131;5;874
776;110;886;666;85360;7;870
246;915;1161;-669;225090;0;869
420;709;1129;-289;297780;1;865
674;451;1125;223;303974;1;865
33;895;928;-862;29535;0;862
188;992;1180;-804;186496;0;860
825;101;926;724;83325;8;860
322;528;850;-206;170016;1;850
358;567;925;-209;202986;1;849
506;693;1199;-187;350658;1;847
717;385;1102;332;276045;2;844
263;591;854;-328;155433;0;840
302;622;924;-320;187844;0;832
305;525;830;-220;160125;1;828
670;418;1088;252;280060;2;828
567;280;847;287;158760;2;815
1001;196;1197;805;196196;5;813
620;331;951;289;205220;2;807
1003;244;1247;759;244732;4;799
853;75;928;778;63975;11;798
196;984;1180;-788;192864;0;796
67;857;924;-790;57419;0;794
1014;236;1250;778;239304;4;794
448;729;1177;-281;326592;1;793
395;666;1061;-271;263070;1;785
500;767;1267;-267;383500;1;779
459;707;1166;-248;324513;1;776
72;694;766;-622;49968;0;766
561;207;768;354;116127;3;766
930;351;1281;579;326430;3;765
182;590;772;-408;107380;0;760
297;989;1286;-692;293733;0;756
249;522;771;-273;129978;0;755
347;936;1283;-589;324792;0;755
267;996;1263;-729;265932;0;751
190;597;787;-407;113430;0;747
724;63;787;661;45612;11;747
15;748;763;-733;11220;0;739
109;654;763;-545;71286;0;739
450;801;1251;-351;360450;1;739
481;769;1250;-288;369889;1;736
568;225;793;343;127800;3;729
399;855;1254;-456;341145;0;728
150;581;731;-431;87150;0;723
220;524;744;-304;115280;0;720
564;228;792;336;128592;2;720
178;635;813;-457;113030;0;713
381;948;1329;-567;361188;0;713
122;696;818;-574;84912;0;706
1022;319;1341;703;326018;3;705
138;565;703;-427;77970;0;703
272;943;1215;-671;256496;0;703
479;871;1350;-392;417209;1;696
514;186;700;328;95604;3;696
822;398;1220;424;327156;2;696
317;907;1224;-590;287519;0;694
223;621;844;-398;138483;0;690
425;768;1193;-343;326400;1;681
191;537;728;-346;102567;0;678
368;981;1349;-613;361008;0;677
523;149;672;374;77927;4;670
366;1013;1379;-647;370758;0;667
545;184;729;361;100280;3;665
127;743;870;-616;94361;0;664
116;743;859;-627;86188;0;659
261;919;1180;-658;239859;0;658
691;33;724;658;22803;21;658
889;498;1387;391;442722;2;651
540;150;690;390;81000;4;650
536;103;639;433;55208;5;639
704;191;895;513;134464;4;639
879;279;1158;600;245241;3;632
458;957;1415;-499;438306;0;631
240;664;904;-424;159360;0;616
834;293;1127;541;244362;3;615
217;703;920;-486;152551;0;614
365;776;1141;-411;283240;0;613
377;796;1173;-419;300092;0;613
453;929;1382;-476;420837;0;612
911;473;1384;438;430903;2;598
264;860;1124;-596;227040;0;596
430;1018;1448;-588;437740;0;596
678;246;924;432;166788;3;592
99;556;655;-457;55044;0;591
113;575;688;-462;64975;0;590
728;149;877;579;108472;5;589
685;225;910;460;154125;3;588
153;721;874;-568;110313;0;584
177;755;932;-578;133635;0;578
162;738;900;-576;119556;0;576
276;809;1085;-533;223284;0;573
33;538;571;-505;17754;0;571
495;980;1475;-485;485100;1;571
92;619;711;-527;56948;0;567
939;408;1347;531;383112;2;563
423;917;1340;-494;387891;0;562
502;964;1466;-462;483928;1;562
150;701;851;-551;105150;0;555
539;61;600;478;32879;9;550
10;528;538;-518;5280;0;538
864;378;1242;486;326592;2;538
392;926;1318;-534;362992;0;534
48;549;597;-501;26352;0;533
638;107;745;531;68266;6;533
196;707;903;-511;138572;0;519
43;555;598;-512;23865;0;512
502;1014;1516;-512;509028;0;512
405;108;513;297;43740;4;505
223;298;521;-75;66454;1;501
366;155;521;211;56730;2;501
530;999;1529;-469;529470;1;501
125;397;522;-272;49625;0;496
256;240;496;16;61440;1;496
215;317;532;-102;68155;1;490
503;16;519;487;8048;31;487
302;205;507;97;61910;1;483
167;376;543;-209;62792;0;479
34;506;540;-472;17204;0;472
267;197;464;70;52599;1;462
574;1010;1584;-436;579740;1;460
348;149;497;199;51852;2;457
100;419;519;-319;41900;0;455
456;117;573;339;53352;4;445
503;74;577;429;37222;7;445
171;273;444;-102;46683;1;442
376;207;583;169;77832;2;439
723;871;1594;-148;629733;1;436
454;116;570;338;52664;4;434
239;324;563;-85;77436;1;427
143;296;439;-153;42328;0;423
29;443;472;-414;12847;0;422
196;354;550;-158;69384;1;422
165;312;477;-147;51480;1;413
398;18;416;380;7164;22;412
747;880;1627;-133;657360;1;411
520;914;1434;-394;475280;1;410
339;193;532;146;65427;2;402
114;483;597;-369;55062;0;401
577;976;1553;-399;563152;1;401
198;342;540;-144;67716;1;400
288;176;464;112;50688;2;400
34;423;457;-389;14382;0;389
19;362;381;-343;6878;0;377
313;64;377;249;20032;5;377
602;802;1404;-200;482804;1;376
235;412;647;-177;96820;1;375
726;929;1655;-203;674454;1;375
275;96;371;179;26400;3;371
130;496;626;-366;64480;0;370
410;232;642;178;95120;2;370
491;153;644;338;75123;3;370
366;31;397;335;11346;12;369
401;225;626;176;90225;2;368
407;248;655;159;100936;2;367
300;65;365;235;19500;5;365
119;285;404;-166;33915;0;362
183;477;660;-294;87291;0;362
16;377;393;-361;6032;0;361
59;350;409;-291;20650;0;357
326;31;357;295;10106;11;345
16;326;342;-310;5216;0;342
96;310;406;-214;29760;0;342
480;182;662;298;87360;3;342
737;951;1688;-214;700887;1;342
180;480;660;-300;86400;0;340
457;155;612;302;70835;3;338
43;378;421;-335;16254;0;337
40;359;399;-319;14360;0;335
51;380;431;-329;19380;0;335
118;312;430;-194;36816;0;334
172;490;662;-318;84280;0;326
8;332;340;-324;2656;0;324
514;838;1352;-324;430732;1;324
121;314;435;-193;37994;0;323
401;208;609;193;83408;2;321
585;776;1361;-191;453960;1;321
448;128;576;320;57344;4;320
3;317;320;-314;951;0;318
203;498;701;-295;101094;0;313
777;560;1337;217;435120;1;313
251;460;711;-209;115460;1;311
721;1020;1741;-299;735420;1;301
404;179;583;225;72316;2;295
822;530;1352;292;435660;2;292
471;246;717;225;115866;2;289
41;305;346;-264;12505;0;280
256;20;276;236;5120;13;276
215;474;689;-259;101910;0;269
521;773;1294;-252;402733;1;268
263;12;275;251;3156;22;267
799;535;1334;264;427465;1;264
338;81;419;257;27378;4;259
894;636;1530;258;568584;1;258
875;618;1493;257;540750;1;257
210;46;256;164;9660;5;252
1014;781;1795;233;791934;1;251
951;836;1787;115;795036;1;243
89;169;258;-80;15041;1;240
595;700;1295;-105;416500;1;239
603;693;1296;-90;417879;1;238
148;121;269;27;17908;1;237
480;268;748;212;128640;2;236
240;23;263;217;5520;10;231
37;195;232;-158;7215;0;230
362;399;761;-37;144438;1;229
661;628;1289;33;415108;1;225
21;245;266;-224;5145;0;224
394;343;737;51;135142;1;221
517;729;1246;-212;376893;1;220
296;508;804;-212;150368;1;212
133;86;219;47;11438;2;211
403;322;725;81;129766;1;209
99;179;278;-80;17721;1;208
751;547;1298;204;410797;1;204
164;108;272;56;17712;2;200
295;480;775;-185;141600;1;199
13;203;216;-190;2639;0;198
60;249;309;-189;14940;0;197
616;724;1340;-108;445984;1;188
171;16;187;155;2736;11;187
208;98;306;110;20384;2;178
67;242;309;-175;16214;0;177
229;85;314;144;19465;3;176
286;437;723;-151;124982;1;171
637;724;1361;-87;461188;1;169
252;97;349;155;24444;3;157
277;393;670;-116;108861;1;156
712;594;1306;118;422928;1;154
548;693;1241;-145;379764;1;145
436;313;749;123;136468;1;141
256;396;652;-140;101376;1;140
261;393;654;-132;102573;1;140
303;420;723;-117;127260;1;139
451;331;782;120;149281;1;136
154;29;183;125;4466;5;135
616;751;1367;-135;462616;1;135
211;85;296;126;17935;2;134
1042;1175;2217;-133;1224350;1;133
92;221;313;-129;20332;0;129
442;315;757;127;139230;1;129
100;18;118;82;1800;6;118
175;217;392;-42;37975;1;118
677;724;1401;-47;490148;1;113
81;33;114;48;2673;2;112
11;100;111;-89;1100;0;111
689;726;1415;-37;500214;1;103
24;72;96;-48;1728;0;80
150;218;368;-68;32700;1;76
330;268;598;62;88440;1;70
172;232;404;-60;39904;1;68
321;258;579;63;82818;1;67
328;265;593;63;86920;1;65
630;567;1197;63;357210;1;65
104;86;190;18;8944;1;62
34;31;65;3;1054;1;61
104;85;189;19;8840;1;61
243;207;450;36;50301;1;60
290;275;565;15;79750;1;49
118;93;211;25;10974;1;43
419;392;811;27;164248;1;43
299;257;556;42;76843;1;42
292;261;553;31;76212;1;33
338;332;670;6;112216;1;30
828;815;1643;13;674820;1;19
140;157;297;-17;21980;1;17
787;797;1584;-10;627239;1;14
128;137;265;-9;17536;1;9
